symm
13.905664 
10.429854  
8.839551  
5.219607 
13.193747  
7.003945 
12.365307
7.944002 
12.668276  
4.627121 
10.929858  
6.320117 
13.348936 
10.542018
8.869554 
16.352219 
13.404100 
14.330924  
9.289167  
8.423327  
8.868914
13.553684  
9.944214  
6.417329 
12.878516  
9.646270  
7.829684 
16.456709
12.356824  
3.976961 
14.095318  
7.255231 
12.490942  
4.692117  
9.885170
12.519280  
9.257576 
10.277751  
6.939153 
13.808052 
11.751112  
5.256186
9.881280  
8.540250  
9.956320 
10.029628  
6.727594 
10.357280  
9.487851
10.617866