skew
12.3078556  
1.7618465 
26.0130548  
5.2269749  
3.3994012 
29.2673843
4.2967858  
4.7981613 
27.6194579  
4.0243728 
16.1309681  
1.0468629
8.5927625 
12.9583621  
0.4496194  
8.3111451  
5.0364098  
6.6527935
0.1846951 
11.4409118 
18.8042920  
1.6919766 
14.5439035  
2.9366361
2.2782506  
8.6588184  
8.2118219  
7.4501020 
25.6988553 
26.5883446
10.9080959  
8.3852547  
2.2125811 
25.4713231  
1.5451366 
11.0019353
8.6678521  
4.9976390  
1.3746507 
15.7269321  
9.4395796 
11.7913784
1.1983397 
21.8865193 
13.8514444  
0.3720195  
1.4674788  
5.2935493
30.8926831  
0.4200738